0.0 0.0
0.0 1000000.0
0.000557 1013925.40756
0.000976 1028044.73209
0.001394 1042360.67398
0.001951 1056875.97118
0.002509 1071593.39982
0.003066 1086515.77465
0.003624 1101645.94963
0.004181 1116986.81847
0.005017 1132541.31515
0.005296 1148312.41454
0.005993 1164303.13292
0.006969 1180516.52857
0.007387 1196955.70236
0.008084 1213623.79834
0.008362 1230524.00436
0.00892 1247659.55263
0.010174 1265033.7204
0.010453 1282649.83053
0.01101 1300511.25217
0.011568 1318621.4014
0.011986 1336983.74182
0.012683 1355601.78533
0.01338 1374479.09268
0.014216 1393619.27422
0.014634 1413025.9906
0.015331 1432702.95341
0.016725 1452653.92595
0.017422 1472882.72391
0.017979 1493393.21612
0.019094 1514189.3253
0.019652 1535275.02878
0.020348 1556654.35927
0.021185 1578331.40565
0.0223 1600310.31374
0.023693 1622595.28708
0.02439 1645190.58775
0.026341 1668100.5372
0.026481 1691329.51703
0.027178 1714881.96987
0.027875 1738762.40022
0.029129 1762975.37529
0.029826 1787525.5259
0.030523 1812417.54737
0.031777 1837656.20039
0.032474 1863246.31193
0.033868 1889192.77621
0.03554 1915500.55557
0.036934 1942174.68149
0.038188 1969220.25548
0.040279 1996642.45011
0.042091 2024446.50998
0.044321 2052637.75271
0.045436 2081221.56999
0.046272 2110203.42857
0.048084 2139588.87134
0.049338 2169383.51839
0.051847 2199593.06803
0.053798 2230223.29797
0.056167 2261280.06634
0.058537 2292769.31287
0.060488 2324697.05999
0.062997 2357069.414
0.067038 2389892.56623
0.069268 2423172.79424
0.070523 2456916.46298
0.073728 2491130.02607
0.076237 2525820.02696
0.080418 2560993.10026
0.082369 2596655.97293
0.08446 2632815.46565
0.087247 2669478.49403
0.089338 2706652.07003
0.092265 2744343.30323
0.094355 2782559.40221
0.0977 2821307.67594
0.100627 2860595.53518
0.102718 2900430.49386
0.103693 2940820.17059
0.10662 2981772.29002
0.109686 3023294.68441
0.11122 3065395.29506
0.114146 3108082.17387
0.116655 3151363.48487
0.119164 3195247.50576
0.121533 3239742.62953
0.123902 3284857.36603
0.126551 3330600.34363
0.129617 3376980.31083
0.133101 3424006.13797
0.136725 3471686.81893
0.140348 3520031.4728
0.1423 3569049.34567
0.145087 3618749.81241
0.14899 3669142.3784
0.15122 3720236.68141
0.153031 3772042.49342
0.156934 3824569.72247
0.159164 3877828.41459
0.161672 3931828.75571
0.163902 3986581.07358
0.168084 4042095.8398
0.169756 4098383.67176
0.171986 4155455.33472
0.175331 4213321.74385
0.178676 4271993.96631
0.181463 4331483.22338
0.18439 4391800.8926
0.186899 4452958.50994
0.189547 4514967.77204
0.192474 4577840.53838
0.194983 4641588.83361
0.198885 4706224.84984
0.200697 4771760.94894
0.202787 4838209.66493
0.207526 4905583.70637
0.209895 4973895.95879
0.21338 5043159.48717
0.216307 5113387.53841
0.220627 5184593.54389
0.223275 5256791.12202
0.225645 5329994.08084
0.22885 5404216.42071
0.232892 5479472.3369
0.236376 5555776.2224
0.239721 5633142.6706
0.242787 5711586.47813
0.245993 5791122.64764
0.249477 5871766.39073
0.252962 5953533.13081
0.254774 6036438.50608
0.259094 6120498.37248
0.263415 6205728.80678
0.26676 6292146.10961
0.270523 6379766.80861
0.273868 6468607.66155
0.27777 6558685.65957
0.280836 6650018.03043
0.284042 6742622.24178
0.286411 6836516.00451
0.289617 6931717.27615
0.29338 7028244.26431
0.297561 7126115.43011
0.29993 7225349.49179
0.30216 7325965.42821
0.306202 7427982.48256
0.308293 7531420.16597
0.311916 7636298.26128
0.316376 7742636.82681
0.320279 7850456.20021
0.32223 7959777.00231
0.326272 8070620.14115
0.329477 8183006.81587
0.333659 8296958.52084
0.338537 8412497.04974
0.343554 8529644.49974
0.347178 8648423.27573
0.351638 8768856.09459
0.354983 8890965.98953
0.359024 9014776.31453
0.361672 9140310.74876
0.36669 9267593.30115
0.370314 9396648.31495
0.375192 9527500.47243
0.37784 9660174.79952
0.381185 9794696.67069
0.384808 9931091.81375
0.387735 10069386.3148
0.390801 10209606.6231
0.394843 10351779.5563
0.398328 10495932.3056
0.402091 10642092.4406
0.40669 10790287.9152
0.41101 10940547.0721
0.415052 11092898.649
0.419233 11247371.7836
0.423554 11403996.0197
0.427178 11562801.3121
0.430941 11723818.0329
0.435679 11887076.9771
0.438746 12052609.3687
0.442648 12220446.8663
0.448502 12390621.5695
0.452404 12563166.0247
0.456446 12738113.2319
0.46007 12915496.6501
0.4623 13095350.2048
0.466341 13277708.2936
0.470244 13462605.793
0.474843 13650078.0655
0.478467 13840160.9657
0.482927 14032890.8479
0.486551 14228304.5721
0.491568 14426439.5122
0.496307 14627333.562
0.500627 14831025.1434
0.505366 15037553.213
0.507735 15246957.2702
0.511498 15459277.3642
0.516237 15674554.1021
0.520836 15892828.6562
0.524739 16114142.7725
0.528502 16338538.7781
0.532125 16566059.5895
0.536725 16796748.7209
0.541603 17030650.2925
0.546202 17267809.0388
0.550105 17508270.3174
0.556376 17752080.1172
0.563345 17999285.0678
0.567666 18249932.4482
0.571847 18504070.1954
0.57561 18761746.9144
0.579233 19023011.8867
0.584948 19287915.0802
0.589129 19556507.1587
0.591777 19828839.4913
0.596794 20104964.1626
0.601115 20384933.9825
0.606829 20668802.4963
0.609617 20956623.9948
0.614355 21248453.525
0.619791 21544346.9003
0.624948 21844360.7115
0.628293 22148552.3373
0.632334 22456979.9554
0.63554 22769702.5538
0.639443 23086779.9419
0.643624 23408272.7618
0.647247 23734242.5002
0.651289 24064751.5002
0.655749 24399862.9726
0.661463 24739641.0089
0.665784 25084150.5928
0.669965 25433457.613
0.674425 25787628.8759
0.679582 26146732.118
0.683066 26510836.0191
0.687108 26880010.2154
0.69115 27254325.3128
0.696028 27633852.9005
0.700767 28018665.5646
0.704669 28408836.9018
0.709129 28804441.534
0.71331 29205555.1218
0.717213 29612254.3799
0.723066 30024617.0909
0.728502 30442722.1206
0.732265 30866649.4334
0.735749 31296480.1067
0.738955 31732296.3474
0.741603 32174181.5068
0.744808 32622220.0971
0.749408 33076497.8074
0.752613 33537101.52
0.755958 34004119.327
0.758746 34477640.5473
0.761394 34957755.7436
0.764878 35444556.7397
0.76892 35938136.638
0.772822 36438589.8376
0.776167 36946012.052
0.779791 37460500.3275
0.782857 37982153.0619
0.785784 38511070.0233
0.789686 39047352.3689
0.792613 39591102.6647
0.794983 40142424.905
0.798467 40701424.5322
0.801533 41268208.457
0.805017 41842885.079
0.80892 42425564.3072
0.81115 43016357.5811
0.814774 43615377.8921
0.818537 44222739.8051
0.821185 44838559.4802
0.823415 45462954.6953
0.827178 46096044.8683
0.829686 46737951.0799
0.832056 47388796.0972
0.834564 48048704.3966
0.837073 48717802.1879
0.838606 49396217.4388
0.841254 50084079.8985
0.842927 50781521.1233
0.845575 51488674.5014
0.847666 52205675.2785
0.849895 52932660.5836
0.853101 53669769.4554
0.855192 54417142.8687
0.857143 55174923.7613
0.859512 55943257.0617
0.861742 56722289.7164
0.864111 57512170.7184
0.865784 58313051.1353
0.867735 59125084.1383
0.869408 59948425.0319
0.870383 60783231.283
0.871359 61629662.5513
0.873728 62487880.7201
0.874425 63358049.9266
0.875819 64240336.5939
0.877352 65134909.4627
0.879582 66041939.6233
0.880139 66961600.5485
0.881951 67894068.127
0.882927 68839520.6965
0.884181 69798139.0783
0.885993 70770106.6118
0.886969 71755609.1894
0.888223 72754835.292
0.890174 73767976.0253
0.891289 74795225.1562
0.892822 75836779.15
0.893798 76892837.2076
0.895192 77963601.3041
0.896864 79049276.227
0.897979 80150069.6157
0.899233 81266192.0009
0.90007 82397856.8453
0.901185 83545280.5838
0.902439 84708682.6656
0.903275 85888285.5955
0.90439 87084314.9769
0.905645 88296999.5549
0.906063 89526571.26
0.907317 90773265.2521
0.908571 92037319.9662
0.90899 93318977.1573
0.909408 94618481.9472
0.910244 95936082.8709
0.911359 97272031.9245
0.911777 98626584.6131
0.912892 100000000.0
0.91331 101392540.756
0.914564 102804473.209
0.916237 104236067.398
0.916516 105687597.118
0.917352 107159339.982
0.918049 108651577.465
0.919024 110164594.963
0.919303 111698681.847
0.92 113254131.515
0.920697 114831241.454
0.921812 116430313.292
0.922927 118051652.857
0.923484 119695570.236
0.923624 121362379.834
0.924321 123052400.436
0.925017 124765955.263
0.925575 126503372.04
0.926132 128264983.053
0.92669 130051125.217
0.926969 131862140.139
0.928223 133698374.182
0.928362 135560178.533
0.929477 137447909.268
0.929756 139361927.422
0.930035 141302599.06
0.930592 143270295.341
0.931568 145265392.595
0.931707 147288272.391
0.932404 149339321.612
0.932544 151418932.53
0.932683 153527502.878
0.93338 155665435.927
0.934077 157833140.565
0.934495 160031031.374
0.934634 162259528.708
0.935331 164519058.775
0.93561 166810053.72
0.935889 169132951.703
0.935889 171488196.987
0.936446 173876240.022
0.936585 176297537.529
0.936864 178752552.59
0.937003 181241754.737
0.937282 183765620.039
0.937422 186324631.193
0.938118 188919277.621
0.938397 191550055.557
0.938815 194217468.149
0.939094 196922025.548
0.939791 199664245.011
0.93993 202444650.998
0.940488 205263775.271
0.941324 208122156.999
0.941603 211020342.857
0.941882 213958887.134
0.94216 216938351.839
0.942578 219959306.803
0.942997 223022329.797
0.942997 226128006.634
0.943275 229276931.287
0.943554 232469705.999
0.943554 235706941.4
0.943833 238989256.623
0.943972 242317279.424
0.943972 245691646.298
0.944111 249113002.607
0.94439 252582002.696
0.94453 256099310.026
0.944948 259665597.293
0.945366 263281546.565
0.945505 266947849.403
0.945784 270665207.003
0.945923 274434330.323
0.946341 278255940.221
0.94662 282130767.594
0.947456 286059553.518
0.947596 290043049.386
0.947735 294082017.059
0.948153 298177229.002
0.948293 302329468.441
0.948432 306539529.506
0.948571 310808217.387
0.94899 315136348.487
0.94899 319524750.576
0.949129 323974262.953
0.949408 328485736.603
0.949408 333060034.362
0.949547 337698031.083
0.949547 342400613.797
0.949686 347168681.893
0.955679 352003147.28
0.955958 356904934.568
0.956098 361874981.241
0.956516 366914237.84
0.956934 372023668.141
0.957073 377204249.342
0.957352 382456972.247
0.95777 387782841.459
0.958049 393182875.571
0.958049 398658107.358
0.958188 404209583.98
0.958188 409838367.176
0.958746 415545533.472
0.958746 421332174.385
0.958885 427199396.631
0.959024 433148322.338
0.959024 439180089.26
0.959303 445295850.994
0.959303 451496777.204
0.959582 457784053.838
0.959721 464158883.361
0.960139 470622484.984
0.960139 477176094.894
0.960279 483820966.493
0.960279 490558370.637
0.960279 497389595.879
0.960279 504315948.717
0.960418 511338753.841
0.960557 518459354.389
0.960557 525679112.202
0.960557 532999408.084
0.960697 540421642.071
0.960976 547947233.69
0.961394 555577622.24
0.961394 563314267.06
0.961394 571158647.813
0.961394 579112264.764
0.961394 587176639.073
0.961951 595353313.081
0.96223 603643850.608
0.96223 612049837.248
0.962509 620572880.678
0.962509 629214610.961
0.962787 637976680.861
0.963206 646860766.155
0.963345 655868565.957
0.963345 665001803.043
0.963345 674262224.178
0.963345 683651600.451
0.963484 693171727.616
0.963484 702824426.431
0.963484 712611543.011
0.963763 722534949.179
0.963902 732596542.822
0.963902 742798248.256
0.963902 753142016.597
0.964042 763629826.128
0.964042 774263682.681
0.964181 785045620.02
0.964181 795977700.231
0.964181 807062014.115
0.964321 818300681.587
0.964739 829695852.083
0.964739 841249704.974
0.964739 852964449.974
0.964878 864842327.573
0.965017 876885609.459
0.965017 889096598.953
0.965296 901477631.452
0.965575 914031074.876
0.965714 926759330.115
0.965993 939664831.495
0.965993 952750047.243
0.965993 966017479.952
0.965993 979469667.07
0.966272 993109181.375
0.966411 1006938631.48
0.96669 1020960662.31
0.966829 1035177955.63
0.966969 1049593230.56
0.967108 1064209244.06
0.967108 1079028791.52
0.967247 1094054707.21
0.967247 1109289864.9
0.967387 1124737178.36
0.967387 1140399601.97
0.967387 1156280131.21
0.967387 1172381803.29
0.967666 1188707697.71
0.967805 1205260936.87
0.967944 1222044686.63
0.967944 1239062156.95
0.968084 1256316602.47
0.968084 1273811323.19
0.968084 1291549665.01
0.968084 1309535020.48
0.968084 1327770829.36
0.968223 1346260579.3
0.968223 1365007806.55
0.968223 1384016096.57
0.968362 1403289084.79
0.968641 1422830457.21
0.968641 1442643951.22
0.96892 1462733356.2
0.96892 1483102514.34
0.96892 1503755321.3
0.96892 1524695727.02
0.969199 1545927736.42
0.969338 1567455410.21
0.969617 1589282865.62
0.969756 1611414277.25
0.969756 1633853877.81
0.969756 1656605958.95
0.969895 1679674872.09
0.970035 1703065029.25
0.970174 1726780903.88
0.970453 1750827031.74
0.970871 1775208011.72
0.97115 1799928506.78
0.971568 1824993244.82
0.971568 1850407019.54
0.971568 1876174691.44
0.971568 1902301188.67
0.971847 1928791508.02
0.971847 1955650715.87
0.971986 1982883949.13
0.972125 2010496416.26
0.972265 2038493398.25
0.972265 2066880249.63
0.972404 2095662399.48
0.972404 2124845352.5
0.972544 2154434690.03
0.972544 2184436071.15
0.972544 2214855233.73
0.972544 2245697995.54
0.972683 2276970255.38
0.972683 2308677994.19
0.972683 2340827276.18
0.972822 2373424250.02
0.973101 2406475150.02
0.973101 2439986297.26
0.97324 2473964100.89
0.97338 2508415059.28
0.973519 2543345761.3
0.973659 2578762887.59
0.973798 2614673211.8
0.973798 2651083601.91
0.973798 2688001021.54
0.973798 2725432531.28
0.973937 2763385290.05
0.974216 2801866556.46
0.974216 2840883690.18
0.974495 2880444153.4
0.974634 2920555512.18
0.974774 2961225437.99
0.974913 3002461709.09
0.975052 3044272212.06
0.975331 3086664943.34
0.975331 3129648010.67
0.975331 3173229634.73
0.97561 3217418150.68
0.975749 3262222009.71
0.976028 3307649780.74
0.976446 3353710152.0
0.976585 3400411932.7
0.976725 3447764054.73
0.976725 3495775574.36
0.976864 3544455673.97
0.977282 3593813663.8
0.977282 3643858983.76
0.977422 3694601205.2
0.977422 3746050032.75
0.977561 3798215306.19
0.97784 3851107002.33
0.97784 3904735236.89
0.977979 3959110266.47
0.978258 4014242490.5
0.978397 4070142453.22
0.978397 4126820845.7
0.978397 4184288507.9
0.978397 4242556430.72
0.978397 4301635758.11
0.978397 4361537789.21
0.978537 4422273980.51
0.978815 4483855948.02
0.978815 4546295469.53
0.978955 4609604486.83
0.978955 4673795107.99
0.979233 4738879609.72
0.979233 4804870439.66
0.979373 4871780218.79
0.979373 4939621743.88
0.979512 5008407989.85
0.979512 5078152112.33
0.979791 5148867450.14
0.97993 5220567527.85
0.97993 5293266058.36
0.98007 5366976945.54
0.980209 5441714286.87
0.980209 5517492376.13
0.980209 5594325706.17
0.980209 5672228971.64
0.980209 5751217071.84
0.980348 5831305113.53
0.980488 5912508413.83
0.980488 5994842503.19
0.980627 6078323128.3
0.980627 6162966255.13
0.980627 6248788072.01
0.980906 6335804992.66
0.980906 6424033659.39
0.981045 6513490946.27
0.981185 6604193962.33
0.981324 6696160054.85
0.981463 6789406812.7
0.981463 6883952069.65
0.981463 6979813907.83
0.981463 7077010661.18
0.981463 7175560918.94
0.981463 7275483529.2
0.981463 7376797602.53
0.981742 7479522515.62
0.981882 7583677915.0
0.982021 7689283720.76
0.98216 7796360130.41
0.98216 7904927622.7
0.98216 8015006961.57
0.98216 8126619200.09
0.982439 8239785684.53
0.982718 8354528058.38
0.982997 8470868266.56
0.983136 8588828559.55
0.983136 8708431497.69
0.983275 8829699955.49
0.983275 8952657126.0
0.983275 9077326525.21
0.983415 9203731996.62
0.983415 9331897715.73
0.983693 9461848194.72
0.983693 9593608287.09
0.983833 9727203192.45
0.983972 9862658461.31
0.983972 10000000000.0
0.984111 10139254075.6
0.98439 10280447320.9
0.98439 10423606739.8
0.98439 10568759711.8
0.98453 10715933998.2
0.98453 10865157746.5
0.98453 11016459496.3
0.98453 11169868184.7
0.98453 11325413151.5
0.98453 11483124145.4
0.984948 11643031329.2
0.984948 11805165285.7
0.984948 11969557023.6
0.985087 12136237983.4
0.985087 12305240043.6
0.985087 12476595526.3
0.985366 12650337204.0
0.985505 12826498305.3
0.985505 13005112521.7
0.985505 13186214013.9
0.985645 13369837418.2
0.985645 13556017853.3
0.985645 13744790926.8
0.985645 13936192742.2
0.985784 14130259906.0
0.985784 14327029534.1
0.985923 14526539259.5
0.986063 14728827239.1
0.986063 14933932161.2
0.986063 15141893253.0
0.986202 15352750287.8
0.986202 15566543592.7
0.986341 15783314056.5
0.986481 16003103137.4
0.986481 16225952870.8
0.986481 16451905877.5
0.98662 16681005372.0
0.98676 16913295170.3
0.987038 17148819698.7
0.987038 17387624002.2
0.987038 17629753752.9
0.987317 17875255259.0
0.987596 18124175473.7
0.987596 18376562003.9
0.987596 18632463119.3
0.987735 18891927762.1
0.987875 19155005555.7
0.988014 19421746814.9
0.988014 19692202554.8
0.988293 19966424501.1
0.988293 20244465099.8
0.988293 20526377527.1
0.988432 20812215699.9
0.988432 21102034285.7
0.988432 21395888713.4
0.988432 21693835183.9
0.988571 21995930680.3
0.988571 22302232979.7
0.988571 22612800663.4
0.988571 22927693128.7
0.988711 23246970599.9
0.988711 23570694140.0
0.98885 23898925662.3
0.98899 24231727942.4
0.98899 24569164629.8
0.98899 24911300260.7
0.98899 25258200269.6
0.98899 25609931002.6
0.98899 25966559729.3
0.98899 26328154656.5
0.98899 26694784940.3
0.98899 27066520700.3
0.98899 27443433032.3
0.98899 27825594022.1
0.98899 28213076759.4
0.98899 28605955351.8
0.98899 29004304938.6
0.98899 29408201705.9
0.989129 29817722900.2
0.989129 30232946844.1
0.989129 30653952950.6
0.989129 31080821738.7
0.989129 31513634848.7
0.989408 31952475057.6
0.989547 32397426295.3
0.989686 32848573660.3
0.989686 33306003436.2
0.989826 33769803108.3
0.989826 34240061379.7
0.989826 34716868189.3
0.989965 35200314728.0
0.989965 35690493456.8
0.989965 36187498124.1
0.990105 36691423784.0
0.990244 37202366814.1
0.990244 37720424934.2
0.990244 38245697224.7
0.990244 38778284145.9
0.990383 39318287557.1
0.990523 39865810735.8
0.990523 40420958398.0
0.990523 40983836717.6
0.990523 41554553347.2
0.990523 42133217438.5
0.990523 42719939663.1
0.990523 43314832233.8
0.990662 43918008926.0
0.990801 44529585099.4
0.990801 45149677720.4
0.990801 45778405383.8
0.990941 46415888336.1
0.99108 47062248498.4
0.99108 47717609489.4
0.99108 48382096649.3
0.99122 49055837063.7
0.991359 49738959587.9
0.991359 50431594871.7
0.991359 51133875384.1
0.991638 51845935438.9
0.991638 52567911220.2
0.991916 53299940808.4
0.992056 54042164207.1
0.992334 54794723369.0
0.992474 55557762224.0
0.992613 56331426706.0
0.992753 57115864781.3
0.992892 57911226476.4
0.992892 58717663907.3
0.993031 59535331308.1
0.993031 60364385060.8
0.993171 61204983724.8
0.99331 62057288067.8
0.993589 62921461096.1
0.993589 63797668086.1
0.993728 64686076615.5
0.993728 65586856595.7
0.993728 66500180304.3
0.994286 67426222417.8
0.994425 68365160045.1
0.994704 69317172761.6
0.994983 70282442643.1
0.994983 71261154301.1
0.994983 72253494917.9
0.995122 73259654282.2
0.995122 74279824825.6
0.99554 75314201659.7
0.995679 76362982612.8
0.995958 77426368268.1
0.996376 78504562002.0
0.996376 79597770023.1
0.996376 80706201411.5
0.996516 81830068158.7
0.996655 82969585208.3
0.996655 84124970497.4
0.996655 85296444997.4
0.996794 86484232757.3
0.996794 87688560945.9
0.996794 88909659895.3
0.996934 90147763145.2
0.996934 91403107487.6
0.996934 92675933011.5
0.997073 93966483149.5
0.997073 95275004724.3
0.997073 96601747995.2
0.997491 97946966707.0
0.997491 99310918137.5
0.997491 100693863148.0
0.997491 102096066231.0
0.997491 103517795563.0
0.997491 104959323056.0
0.997491 106420924406.0
0.997491 107902879152.0
0.997491 109405470721.0
0.997491 110928986490.0
0.997491 112473717836.0
0.997491 114039960197.0
0.997491 115628013121.0
0.997491 117238180329.0
0.997491 118870769771.0
0.997631 120526093687.0
0.997631 122204468663.0
0.997631 123906215695.0
0.997631 125631660247.0
0.997631 127381132319.0
0.997631 129154966501.0
0.997631 130953502048.0
0.997631 132777082936.0
0.997631 134626057930.0
0.997631 136500780655.0
0.997631 138401609657.0
0.99777 140328908479.0
0.99777 142283045721.0
0.997909 144264395122.0
0.997909 146273335620.0
0.997909 148310251434.0
0.997909 150375532130.0
0.997909 152469572702.0
0.997909 154592773642.0
0.998049 156745541021.0
0.998049 158928286562.0
0.998049 161141427725.0
0.998049 163385387781.0
0.998049 165660595895.0
0.998328 167967487209.0
0.998328 170306502925.0
0.998328 172678090388.0
0.998467 175082703174.0
0.998467 177520801172.0
0.998467 179992850678.0
0.998467 182499324482.0
0.998746 185040701954.0
0.998746 187617469144.0
0.998885 190230118867.0
0.998885 192879150802.0
0.998885 195565071587.0
0.998885 198288394913.0
0.998885 201049641626.0
0.999164 203849339825.0
0.999164 206688024963.0
0.999164 209566239948.0
0.999164 212484535250.0
0.999164 215443469003.0
0.999164 218443607115.0
0.999303 221485523373.0
0.999303 224569799554.0
0.999303 227697025538.0
0.999303 230867799419.0
0.999443 234082727618.0
0.999443 237342425002.0
0.999582 240647515002.0
0.999582 243998629726.0
0.999582 247396410089.0
0.999582 250841505928.0
0.999721 254334576130.0
0.999721 257876288759.0
0.999721 261467321180.0
0.999721 265108360191.0
0.999721 268800102154.0
0.999721 272543253128.0
0.999721 276338529005.0
0.999721 280186655646.0
0.999721 284088369018.0
0.999721 288044415340.0
0.999721 292055551218.0
0.999721 296122543799.0
0.999721 300246170909.0
0.999721 304427221206.0
0.999721 308666494334.0
0.999861 312964801067.0
0.999861 317322963473.0
0.999861 321741815068.0
0.999861 326222200971.0
0.999861 330764978074.0
0.999861 335371015200.0
0.999861 340041193270.0
0.999861 344776405473.0
0.999861 349577557436.0
0.999861 354445567397.0
0.999861 359381366380.0
0.999861 364385898376.0
0.999861 369460120520.0
0.999861 374605003275.0
0.999861 379821530619.0
0.999861 385110700233.0
0.999861 390473523689.0
0.999861 395911026647.0
0.999861 401424249050.0
0.999861 407014245322.0
0.999861 412682084570.0
0.999861 418428850790.0
0.999861 424255643072.0
0.999861 430163575811.0
0.999861 436153778921.0
0.999861 442227398051.0
0.999861 448385594802.0
0.999861 454629546953.0
0.999861 460960448683.0
0.999861 467379510799.0
0.999861 473887960972.0
0.999861 480487043966.0
0.999861 487178021879.0
0.999861 493962174388.0
0.999861 500840798985.0
1.0 507815211233.0
1.0 514886745014.0
1.0 522056752785.0
1.0 529326605836.0
1.0 536697694554.0
1.0 544171428687.0
1.0 551749237613.0
1.0 559432570617.0
1.0 567222897164.0
1.0 575121707184.0
1.0 583130511353.0
1.0 591250841383.0
1.0 599484250319.0
1.0 607832312830.0
1.0 616296625513.0
1.0 624878807201.0
1.0 633580499266.0
1.0 642403365939.0
1.0 651349094627.0
1.0 660419396233.0
1.0 669616005485.0
1.0 678940681270.0
1.0 688395206965.0
1.0 697981390783.0
1.0 707701066118.0
1.0 717556091894.0
1.0 727548352920.0
1.0 737679760253.0
1.0 747952251562.0
1.0 758367791500.0
1.0 768928372076.0
1.0 779636013041.0
1.0 790492762270.0
1.0 801500696157.0
1.0 812661920009.0
1.0 823978568453.0
1.0 835452805838.0
1.0 847086826656.0
1.0 858882855955.0
1.0 870843149769.0
1.0 882969995549.0
1.0 895265712600.0
1.0 907732652521.0
1.0 920373199662.0
1.0 933189771573.0
1.0 946184819472.0
1.0 959360828709.0
1.0 972720319245.0
1.0 986265846131.0
